[[[[  0.           0.           0.         ...,   0.           0.           0.        ]
   [  0.           0.           0.         ...,   0.           0.           0.        ]
   [  0.           0.           0.         ...,   0.           0.           0.        ]
   ..., 
   [  0.           0.           0.         ...,   0.           0.           0.        ]
   [  0.           0.           0.         ...,   0.           0.           0.        ]
   [  0.           0.           0.         ...,   0.           0.           0.        ]]

  [[  0.           0.           0.         ...,   0.           0.           0.        ]
   [  0.           0.           0.         ...,   0.           0.           0.        ]
   [  0.           0.           0.         ...,   0.           0.           0.        ]
   ..., 
   [  0.           0.           0.         ...,   0.           5.62756348
      0.        ]
   [  0.           1.43687737   0.         ...,   0.          28.05492592
     17.64572334]
   [  0.           0.           0.         ...,   0.           2.12330484
      0.07436836]]

  [[  0.           0.           0.         ...,   0.           0.           0.        ]
   [  0.           0.           0.         ...,   0.           1.76655328
      0.        ]
   [  0.           0.           0.         ...,   0.           0.           0.        ]
   ..., 
   [  0.           0.           0.         ...,   0.           0.           0.        ]
   [  0.           0.           0.         ...,   0.           0.           0.        ]
   [  0.           0.           0.         ...,   0.           0.           0.        ]]

  ..., 
  [[  0.           0.           0.         ...,   0.           0.           0.        ]
   [  0.           0.           0.         ...,   0.           0.           0.        ]
   [  0.           0.           0.         ...,   0.           2.31836224
      0.        ]
   ..., 
   [  0.           0.           0.         ...,   0.           0.           0.        ]
   [  0.           0.           0.         ...,   0.           0.           0.        ]
   [  0.           0.           0.         ...,   0.           0.           0.        ]]

  [[  0.           9.71081829   9.44207954 ...,  12.71896553   0.           0.        ]
   [  0.           0.          17.6328373  ...,  20.99715996  12.00699806
      0.        ]
   [  0.           0.          11.50327301 ...,   0.           0.           0.        ]
   ..., 
   [  0.           0.           0.         ...,   0.           0.           0.        ]
   [  0.           0.           0.         ...,   0.           0.           0.        ]
   [  0.           0.           0.         ...,   0.           0.           0.        ]]

  [[  0.           0.           0.         ...,   0.           0.           0.        ]
   [  0.           0.           0.         ...,   0.           0.           0.        ]
   [  0.           0.           0.         ...,   0.           0.           0.        ]
   ..., 
   [  0.           0.           0.         ...,   0.           0.           0.        ]
   [  0.           0.           0.         ...,   0.           0.           0.        ]
   [  0.           0.           0.         ...,   0.           0.           0.        ]]]]